-- // converted using mech's animoduler
local cfr = CFrame.new

return {{tm=0;["Left Leg"]={cf=cfr(-.208,-.013,-.021,.879,.476,-.017,-.475,.879,.053,.04,-.039,.998);es="Constant";ed="In";};["Right Leg"]={cf=cfr(.205,-.266,.019,.699,.709,-.091,-.712,.702,0,.064,.065,.996);es="Constant";ed="In";};["Left Arm"]={cf=cfr(.108,-.464,.703,.132,.981,.143,.631,.028,-.775,-.764,.193,-.615);es="Constant";ed="In";};["Head"]={cf=cfr(0,0,0,.995,-.105,0,.103,.979,-.174,.018,.173,.985);es="Constant";ed="In";};["Right Arm"]={cf=cfr(.055,-.375,.282,.164,-.098,.982,.973,.181,-.144,-.163,.979,.125);es="Constant";ed="In";};};{tm=.117;["Left Leg"]={cf=cfr(-.419,.125,-.034,.993,.118,-.032,-.116,.992,.047,.038,-.043,.998);es="Constant";ed="In";};["Right Leg"]={cf=cfr(.381,-.137,.035,.579,.81,-.091,-.813,.582,0,.053,.074,.996);es="Constant";ed="In";};};{tm=.233;["Left Leg"]={cf=cfr(-.04,-.091,-.025,.997,.066,-.045,-.065,.997,.029,.046,-.026,.999);es="Constant";ed="In";};["Right Leg"]={cf=cfr(1.078,.035,.067,.919,.394,-.03,-.395,.916,-.068,.001,.074,.997);es="Constant";ed="In";};};{tm=.3;["Left Arm"]={cf=cfr(.136,-.619,.58,.132,.981,.143,.631,.028,-.775,-.764,.193,-.615);es="Constant";ed="In";};["Right Arm"]={cf=cfr(.022,-.569,.315,.164,-.098,.982,.973,.181,-.144,-.163,.979,.125);es="Constant";ed="In";};};{tm=.333;["Head"]={cf=cfr(0,0,0,.995,-.104,.007,.103,.965,-.242,.018,.241,.97);es="Constant";ed="In";};};{tm=.35;["Left Leg"]={cf=cfr(-.04,-.091,-.025,.909,-.41,.073,.411,.912,.011,-.071,.02,.997);es="Constant";ed="In";};["Right Leg"]={cf=cfr(1.09,.219,.024,.994,.077,.072,-.079,.997,.02,-.07,-.026,.997);es="Constant";ed="In";};};{tm=.467;["Left Leg"]={cf=cfr(-.205,-.266,.019,.699,-.709,.091,.712,.702,0,-.064,.065,.996);es="Constant";ed="In";};["Right Leg"]={cf=cfr(.208,-.013,-.021,.879,-.476,.017,.475,.879,.053,-.04,-.039,.998);es="Constant";ed="In";};};{tm=.583;["Left Leg"]={cf=cfr(-.381,-.137,.035,.579,-.81,.091,.813,.582,0,-.053,.074,.996);es="Constant";ed="In";};["Right Leg"]={cf=cfr(.373,.031,-.029,.996,-.081,.034,.079,.996,.046,-.037,-.044,.998);es="Constant";ed="In";};};{tm=.7;["Left Leg"]={cf=cfr(-1.078,.035,.067,.919,-.394,.03,.395,.916,-.068,-.001,.074,.997);es="Constant";ed="In";};["Right Leg"]={cf=cfr(.04,-.091,-.025,.997,-.066,.045,.065,.997,.029,-.046,-.026,.999);es="Constant";ed="In";};};{tm=.767;["Left Arm"]={cf=cfr(.108,-.464,.703,.132,.981,.143,.631,.028,-.775,-.764,.193,-.615);es="Constant";ed="In";};["Right Arm"]={cf=cfr(.055,-.375,.282,.164,-.098,.982,.973,.181,-.144,-.163,.979,.125);es="Constant";ed="In";};};{tm=.817;["Left Leg"]={cf=cfr(-1.09,.219,.024,.994,-.077,-.072,.079,.997,.02,.07,-.026,.997);es="Constant";ed="In";};["Right Leg"]={cf=cfr(.04,-.091,-.025,.909,.41,-.073,-.411,.912,.011,.071,.02,.997);es="Constant";ed="In";};};{tm=.867;["Left Leg"]={cf=cfr(-1.09,.219,.024,.994,-.077,-.072,.079,.997,.02,.07,-.026,.997);es="Constant";ed="In";};["Right Leg"]={cf=cfr(.04,-.091,-.025,.909,.41,-.073,-.411,.912,.011,.071,.02,.997);es="Constant";ed="In";};["Left Arm"]={cf=cfr(.108,-.464,.703,.132,.981,.143,.631,.028,-.775,-.764,.193,-.615);es="Constant";ed="In";};["Head"]={cf=cfr(0,0,0,.995,-.105,0,.103,.979,-.174,.018,.173,.985);es="Constant";ed="In";};["Right Arm"]={cf=cfr(.055,-.375,.282,.164,-.098,.982,.973,.181,-.144,-.163,.979,.125);es="Constant";ed="In";};};{tm=.917;["Left Leg"]={cf=cfr(-.208,-.013,-.021,.879,.476,-.017,-.475,.879,.053,.04,-.039,.998);es="Constant";ed="In";};["Right Leg"]={cf=cfr(.205,-.266,.019,.699,.709,-.091,-.712,.702,0,.064,.065,.996);es="Constant";ed="In";};};}
